version https://git-lfs.github.com/spec/v1
oid sha256:5090f66ee2d937a5892909d986a04619aec26773f348c87628ef34e054b6390c
size 156881
