version https://git-lfs.github.com/spec/v1
oid sha256:4852ffe3af39075e02d5eaed21508f8e085a4114625a2a509f551a16b23efdc0
size 171395
